50
1 : 	2	16	17	24	31	34	40	41	45	47	48
2 : 	1	3	4	5	6	7	8	13	18	20	22	28	33	35	37	38	42	44	46	49
3 : 	2	10	12	16	17	19	24	25	29	31	34	40	41	45
4 : 	2	10	16	24	29	31	40	41	45	48
5 : 	2	11	15	17	26	31	34	45	48
6 : 	2	10	16	17	21	24	34	40	41	45
7 : 	2	10	11	12	15	17	24	25	31	34	40	41	45	48
8 : 	2	9	10	11	16	17	19	25	29	31	34	40	41	45
9 : 	8	14	18	22	23	32	33	35	37	39	42	43	44	46	49	50
10 : 	7	8	3	6	4	13	22	30	32	33	35	37	38	39	42	44	46	49
11 : 	7	8	5	14	27	28	33	35	37	38	39	42	43	44	46	49	50
12 : 	3	7	18	20	22	23	28	33	35	36	37	42	43	44	49
13 : 	10	2	15	16	24	31	40	41	45	48
14 : 	11	9	16	25	31	34	40	41	45	48
15 : 	5	7	13	22	23	28	33	35	36	37	38	42	43	44	49	50
16 : 	14	13	8	3	1	4	6	20	22	32	33	35	37	38	43	44	46	49
17 : 	8	5	7	3	6	1	18	22	28	32	33	35	39	42	43	44	46	49
18 : 	17	2	12	9	19	24	31	40	41
19 : 	8	3	18	22	28	33	35	37	42	43	46	49
20 : 	12	16	2	21	24	25	29	31	34	40	41	45	48
21 : 	20	6	22	28	35	37	39	42	43	44	46	49	50
22 : 	17	10	19	9	21	2	12	15	16	24	25	31	34	40	41	45	48
23 : 	12	15	9	24	31	34	40	41	48
24 : 	20	22	4	6	18	23	3	7	1	13	32	33	35	38	42	43	44	46	49
25 : 	3	7	14	20	22	8	28	32	33	35	36	37	38	39	42	43	44	46	49
26 : 	5	27	28	32	33	35	37	38	42	43	44	46	49	50
27 : 	11	26	31	40	41
28 : 	21	25	19	11	17	26	2	15	12	31	34	40	41	45
29 : 	4	8	3	20	33	35	37	38	42	43	44	46	49
30 : 	10	34	40	41	45	48
31 : 	23	5	1	3	22	8	28	20	18	7	14	13	27	4	32	33	35	37	38	39	43	44	46	49
32 : 	26	17	16	24	10	31	25	9	34	40	41	45
33 : 	26	9	12	24	15	10	17	16	19	29	25	2	11	31	40	41	45	48
34 : 	14	20	30	7	32	22	28	1	3	6	8	23	5	35	36	37	38	39	42	43	46	49	50
35 : 	31	12	2	16	34	24	11	17	21	9	10	19	25	29	26	15	40	45	48
36 : 	25	34	12	15	40	41	45	48
37 : 	19	12	31	2	26	16	21	10	11	29	15	34	25	9	40	41	45	48
38 : 	15	31	26	29	2	16	10	34	11	25	24	40	41	48
39 : 	34	10	9	17	31	21	11	25	40	41	45	48
40 : 	32	20	7	6	27	4	36	22	28	18	38	30	14	13	23	8	39	37	1	3	33	35	42	43	44	46	49	50
41 : 	27	14	1	18	37	39	32	3	28	6	36	22	20	4	7	30	23	33	8	38	13	43	44	49
42 : 	21	26	9	19	24	40	15	29	17	34	2	12	25	11	10	45	48
43 : 	25	24	31	29	12	26	21	11	15	17	9	41	19	34	16	40	45
44 : 	41	9	2	24	21	29	17	40	12	31	10	16	15	11	26	25
45 : 	35	5	43	4	28	14	30	39	37	6	20	13	22	7	3	42	8	32	33	1	36	46	49	50
46 : 	19	34	40	21	45	26	17	31	25	11	2	10	16	9	29	24	48
47 : 	1	49	50
48 : 	1	36	46	35	33	20	37	4	22	23	7	42	30	39	13	38	14	5	49
49 : 	29	45	41	10	11	31	12	47	48	15	25	9	34	21	19	2	17	16	40	26	24
50 : 	9	15	26	45	34	21	11	40	47
