100
1 : 	2	3	4	5	6	7	8	10	12	13	14	15	16	17	21	23	24	26	27	28	29	31	33	36	37	40	47	48	50	51	55	56	57	59	60	61	62	63	64	66	67	69	71	73	76	79	80	82	84	86	87	88	89	90	93	94	96	98	100
2 : 	1	3	5	6	7	9	10	12	15	16	17	19	22	24	28	29	31	33	36	37	40	43	46	48	49	50	51	55	56	57	59	63	64	65	66	67	68	69	71	72	75	76	77	80	82	84	86	87	88	89	93	94	99
3 : 	2	1	4	5	6	7	10	12	15	18	19	23	24	29	31	35	36	37	43	46	48	50	51	55	56	58	59	60	62	64	66	67	69	71	72	75	76	78	80	82	84	86	87	89	94	96	97	99
4 : 	1	3	7	10	11	12	15	18	22	23	24	26	28	31	33	36	37	38	40	43	48	50	51	55	56	57	59	60	61	63	64	66	68	69	71	72	74	75	78	80	82	84	86	87	89	92	94	95	96	97	99
5 : 	3	2	1	7	10	11	13	16	17	19	22	24	29	31	32	33	36	40	42	46	50	51	55	57	59	60	63	64	66	68	69	71	72	75	78	80	82	84	86	87	89	90	92	93	94	98	100
6 : 	3	1	2	7	8	10	12	15	17	18	19	21	23	24	26	27	29	31	36	37	38	40	51	55	56	59	63	64	67	71	72	73	75	76	77	78	80	81	82	84	86	87	89	93	94	96	97	98	99
7 : 	1	3	6	4	2	5	9	10	11	12	15	17	18	22	24	25	28	31	32	33	36	43	45	48	50	51	56	57	59	60	63	64	66	68	69	71	72	73	75	76	78	79	80	82	83	84	86	87	92	93	94	96	99
8 : 	6	1	10	11	12	15	16	17	22	23	24	26	28	29	31	32	34	36	37	38	40	43	48	51	55	56	57	59	60	63	64	67	68	69	72	75	78	79	80	82	84	86	87	92	93	94	95	96	97	98	99
9 : 	2	7	10	11	12	15	22	28	29	31	32	33	36	37	40	48	50	51	54	55	56	57	59	60	64	66	67	68	69	71	76	78	79	80	82	83	84	85	86	87	92	93	94	95	96	97	98	99
10 : 	2	6	7	9	4	5	3	1	8	15	16	18	19	20	21	22	24	28	30	31	36	37	39	43	45	46	48	50	51	52	53	55	56	59	60	64	66	67	70	71	75	78	80	82	84	86	87	92	93	94	96	97	98	99
11 : 	7	8	9	4	5	12	14	15	17	18	23	31	34	36	37	42	43	44	46	47	49	50	51	54	55	56	57	64	66	67	69	70	71	75	79	80	82	84	86	87	89	90	93	94	95	96	98	99
12 : 	7	11	3	2	1	8	9	6	4	15	16	18	21	24	26	28	29	31	33	36	37	40	43	45	46	48	50	51	55	56	59	60	62	63	64	66	67	69	73	76	78	79	80	82	83	84	86	87	89	92	93	95	96	98	99
13 : 	5	1	14	15	17	18	20	23	24	26	29	31	32	36	37	38	40	43	44	46	48	49	51	53	56	59	63	64	66	67	68	69	71	73	74	75	76	78	80	81	82	83	84	86	87	88	93	94	95	97	99	100
14 : 	13	11	1	15	17	18	19	21	23	28	29	31	32	33	34	36	38	46	50	55	56	59	60	64	66	67	69	71	72	73	74	76	80	82	84	86	87	88	90	92	93	94	96	97	98	99
15 : 	1	8	4	2	9	13	7	3	12	10	14	6	11	17	20	22	23	24	28	29	31	33	36	37	40	43	46	49	55	56	59	60	62	64	66	67	69	71	72	73	75	76	78	80	81	82	83	84	85	86	87	88	89	90	92	93	96	99
16 : 	10	12	8	5	1	2	18	22	24	29	31	33	36	37	43	44	46	48	50	51	53	55	56	57	59	63	64	65	66	67	68	69	71	73	78	80	82	84	86	87	88	94	95	97	99	100
17 : 	5	2	8	13	11	14	7	1	15	6	18	24	28	29	31	34	36	37	40	43	46	48	50	51	55	56	57	59	60	63	64	69	71	73	77	78	79	80	82	83	84	86	87	89	90	92	93	94	96	97	99
18 : 	10	13	6	17	3	4	11	14	16	7	12	19	24	25	26	31	36	37	38	43	46	51	53	55	56	57	59	63	64	66	67	69	71	72	74	75	76	78	80	82	84	86	87	88	89	92	94	96	99
19 : 	18	10	6	2	5	3	14	20	22	23	24	26	29	32	33	36	37	38	40	41	43	46	48	50	51	52	55	56	58	59	60	63	64	66	67	69	71	72	76	78	79	80	84	85	86	87	88	89	90	93	94	96	97	99
20 : 	10	15	13	19	22	24	26	28	29	30	31	35	36	37	40	42	43	46	51	55	56	59	64	66	67	68	69	71	72	76	78	79	80	84	86	87	88	89	94	96	97	98	99
21 : 	12	14	10	1	6	22	23	24	29	31	32	33	36	37	38	44	46	48	49	50	53	56	57	59	61	63	66	69	70	71	75	76	79	80	84	86	87	88	89	92	93	94	96	97	99
22 : 	10	8	7	21	9	4	16	2	19	15	20	5	23	24	28	31	36	37	43	45	46	48	50	51	55	56	58	59	63	64	66	67	69	71	73	76	77	78	80	81	82	83	84	86	87	89	90	93	94	96	98	99
23 : 	11	21	14	15	6	19	3	13	22	4	8	1	24	28	31	36	40	43	44	46	48	50	51	53	55	56	57	59	60	64	66	69	71	73	75	76	77	78	79	80	82	84	86	87	89	92	93	94	96	97	98
24 : 	13	17	4	1	21	18	23	7	3	10	6	15	2	12	22	20	8	16	5	19	26	29	31	33	34	36	37	40	43	46	48	49	50	51	53	56	57	59	63	64	69	71	72	73	75	76	78	80	82	86	87	89	93	94	96	97	99
25 : 	7	18	26	31	33	34	35	36	37	43	50	51	52	56	57	59	60	63	64	65	66	67	68	69	72	75	78	79	80	82	84	86	87	92	93	94	96	99
26 : 	4	20	19	8	1	25	13	18	24	6	12	27	28	31	36	37	38	40	42	43	51	56	57	59	63	64	66	69	71	75	78	79	80	83	84	86	87	89	92	94	96	99	100
27 : 	1	6	26	29	31	33	36	37	38	42	43	46	48	50	51	55	57	59	60	64	67	69	71	72	73	76	78	80	82	84	86	87	89	92	94	95	97	99
28 : 	2	12	20	22	9	23	26	7	4	10	8	14	15	17	1	29	31	34	36	37	40	43	48	50	51	55	56	57	59	64	66	67	68	69	71	73	75	78	80	82	84	85	86	87	88	89	93	94	95	96	97	98	99
29 : 	13	20	17	16	15	5	8	14	3	27	21	12	6	19	9	24	2	1	28	32	33	34	36	37	40	43	44	46	48	50	51	55	56	57	59	60	63	64	66	68	69	72	73	75	77	78	80	82	84	86	87	90	93	94	96	99
30 : 	20	10	31	32	33	36	37	40	43	46	48	49	50	51	55	56	59	64	66	67	69	72	75	77	78	80	82	84	86	87	89	93	94	96	99	100
31 : 	27	16	4	25	8	5	9	1	11	15	13	24	26	2	28	7	21	18	14	6	23	10	17	3	12	22	30	20	33	35	36	40	43	46	48	51	55	56	57	59	60	63	64	65	66	67	68	71	76	78	80	82	84	86	87	88	93	94	96	99
32 : 	13	30	19	9	21	29	5	7	8	14	33	36	37	40	45	46	48	50	51	55	57	59	66	67	69	71	75	76	78	79	80	82	84	86	87	88	93	94	95	96	97	99	100
33 : 	9	1	5	4	14	25	2	21	27	30	12	29	16	24	19	15	31	7	32	35	36	37	40	43	46	50	51	52	53	55	56	57	59	63	66	67	69	72	78	79	80	82	84	86	87	89	90	91	92	93	96	97
34 : 	17	24	28	11	29	8	25	14	35	36	37	38	40	43	45	46	51	57	58	59	64	65	67	68	71	72	73	75	76	78	80	82	84	86	87	89	93	94	96	97	99	100
35 : 	25	33	31	34	3	20	36	37	40	46	48	51	53	55	57	59	60	63	64	66	67	68	69	71	73	75	76	78	79	80	82	84	86	87	89	93	94	96	97	99
36 : 	15	27	12	1	32	21	28	10	2	6	30	19	4	29	3	9	26	24	20	14	8	13	31	25	5	17	18	11	34	22	33	7	23	35	16	37	40	43	46	50	51	52	53	55	56	57	59	64	66	67	69	71	72	73	75	78	79	80	82	84	86	87	89	93	94	96	97	99
37 : 	3	9	29	11	33	19	4	26	27	35	25	17	16	36	22	12	13	28	32	18	6	15	1	21	8	34	10	24	30	2	20	38	43	46	49	51	52	53	55	56	60	63	64	66	67	69	71	72	75	77	78	80	82	84	86	87	89	90	93	94	97	98
38 : 	26	21	34	14	37	27	18	19	6	13	4	8	40	43	46	48	51	55	56	57	58	60	64	66	67	69	71	72	73	75	76	78	80	82	84	86	87	93	94	96	97	98	99	100
39 : 	10	40	43	45	46	48	50	51	53	55	56	58	59	60	64	66	67	70	71	72	73	76	78	80	82	84	86	87	88	89	92	96	98	99
40 : 	5	33	4	2	36	9	28	12	15	24	6	8	38	19	1	34	35	39	31	26	30	32	23	13	29	20	17	46	53	56	57	60	61	62	64	66	67	69	72	75	76	77	78	80	82	86	87	89	91	93	96	99
41 : 	19	43	46	48	50	51	55	56	57	59	60	63	64	65	66	67	68	71	72	75	76	78	80	84	85	86	87	88	90	91	94	95	96	97	98	99
42 : 	20	26	11	5	27	43	44	46	48	50	51	57	59	64	66	67	69	71	72	73	75	80	82	83	84	85	86	87	89	94	98
43 : 	3	42	7	11	4	24	19	16	39	8	33	37	28	10	34	18	12	41	2	36	38	30	15	20	17	31	29	13	22	25	26	23	27	44	45	46	48	49	50	51	53	55	56	57	59	60	62	63	64	66	67	69	71	72	73	75	76	78	79	80	84	86	87	92	94	95	96	97	99
44 : 	16	43	13	42	21	11	23	29	46	48	51	52	53	55	56	57	60	63	64	66	67	69	71	73	75	76	78	79	80	81	84	86	87	88	89	93	94	95	96	98	99
45 : 	43	34	10	39	7	22	12	32	48	49	55	59	61	64	66	67	69	71	75	78	80	82	84	85	86	87	90	93	94	96	97	98	99
46 : 	10	13	35	20	32	21	22	19	12	44	40	2	33	3	23	29	34	5	41	30	27	38	15	18	37	17	42	43	16	11	14	31	24	39	36	48	51	52	53	55	56	57	63	64	65	66	69	71	72	75	76	79	80	84	86	87	89	90	92	93	94	95	97	99
47 : 	1	11	48	50	51	53	55	56	57	59	63	64	66	67	68	71	72	76	77	79	80	82	84	86	87	88	89	91	92	93	95	99
48 : 	3	32	4	9	43	12	44	19	22	31	27	13	30	23	28	21	16	24	17	10	7	42	41	46	2	45	8	39	47	38	35	1	29	50	51	52	55	57	59	60	64	67	68	69	71	72	75	76	77	78	79	82	84	86	87	89	90	96	97	98	99	100
49 : 	45	21	13	11	43	2	15	24	37	30	51	55	56	57	59	60	63	64	66	67	69	71	76	78	79	80	82	84	86	87	93	94	96	97	99	100
50 : 	3	16	28	25	32	27	24	47	7	48	33	19	12	39	23	36	9	17	21	1	11	22	4	5	30	10	41	42	29	43	2	14	51	55	57	59	67	69	71	78	80	82	84	86	87	92	93	94	96	97	99	100
51 : 	48	4	26	5	13	20	44	1	42	31	22	47	43	46	6	16	35	9	29	49	30	28	32	25	24	33	18	3	34	8	27	39	17	23	7	37	50	2	41	12	10	11	36	38	19	53	55	56	57	59	64	66	67	69	71	72	75	78	80	82	83	84	86	87	88	90	92	93	94	97	98	99	100
52 : 	25	37	33	19	10	44	36	48	46	53	55	56	57	59	66	69	71	73	76	78	79	80	81	82	84	85	86	87	89	90	92	94	96	97	98	99
53 : 	51	43	24	10	21	44	33	16	13	47	46	40	37	36	39	35	52	18	23	55	56	57	59	64	66	67	69	71	73	75	77	78	80	84	86	87	88	93	94	97	99
54 : 	9	11	55	56	59	63	64	66	67	69	71	72	74	75	79	80	82	84	86	87	88	89	90	93	94	95	97	99
55 : 	5	16	19	52	14	1	53	44	6	9	46	45	31	28	22	20	51	11	17	35	12	48	27	49	43	29	18	3	23	41	39	50	33	47	32	37	54	36	30	38	2	8	15	4	10	56	59	64	67	69	71	75	76	78	80	82	84	86	87	88	90	92	94	95	97	98
56 : 	40	39	38	29	14	9	36	16	17	43	11	23	52	18	4	46	53	37	25	7	21	8	19	33	47	20	41	31	44	15	55	3	26	49	2	28	6	1	54	12	22	30	13	51	24	10	59	64	66	67	69	71	72	76	77	79	80	82	84	86	87	93	94	97	99
57 : 	2	25	50	17	27	47	21	33	9	44	38	28	34	53	42	16	11	41	1	40	8	5	26	23	49	4	18	36	51	43	35	46	7	52	29	31	32	48	24	59	64	66	67	69	71	72	75	78	79	80	82	84	86	87	88	89	90	93	94	95	96	97	99	100
58 : 	22	38	39	3	34	19	59	63	64	66	67	69	71	72	75	76	78	79	80	81	83	84	86	87	89	90	93	94	96
59 : 	41	49	51	9	16	42	23	56	48	10	20	47	35	22	13	32	29	6	5	14	57	31	50	24	43	18	30	45	36	53	3	26	7	4	54	25	2	27	1	17	15	34	39	55	52	58	33	12	8	19	21	28	60	63	64	66	69	71	75	76	77	78	79	80	84	85	86	87	89	93	94	96	97	99	100
60 : 	3	23	12	44	25	41	17	5	1	38	39	48	43	14	19	29	10	4	7	27	9	35	31	40	49	8	59	15	37	63	64	66	67	69	71	73	74	75	76	79	80	82	84	85	86	87	89	92	93	94	95	96	97	99
61 : 	21	40	45	4	1	63	64	66	68	72	75	76	78	79	80	82	83	84	86	87	88	93	94	97	99
62 : 	15	3	1	40	12	43	64	66	69	71	72	73	75	76	78	79	80	81	82	84	85	86	87	88	89	90	91	92	93	94	97	99
63 : 	13	35	58	17	60	7	18	33	19	59	31	37	26	61	43	4	12	41	5	22	25	16	47	49	21	54	29	46	24	8	6	44	2	1	64	66	67	72	73	75	80	82	84	86	87	88	89	90	92	93	94	97	99	100
64 : 	12	31	57	41	5	36	44	13	15	45	51	55	29	8	54	62	27	2	46	28	16	63	11	20	26	38	24	4	17	35	14	58	1	53	10	30	59	18	47	61	22	6	19	48	3	60	49	37	56	43	25	7	39	9	34	23	42	40	66	67	68	69	70	72	75	76	78	80	82	84	86	87	89	93	94	98
65 : 	34	16	46	41	31	2	25	66	67	69	71	72	75	78	80	82	84	86	87	88	89	90	93	97	99
66 : 	58	47	40	60	45	23	5	56	31	59	11	12	30	15	3	16	62	22	33	2	38	53	32	9	10	28	64	65	19	36	52	26	63	43	4	57	25	20	39	13	41	49	37	61	54	51	1	29	18	7	46	42	35	14	44	21	67	68	69	71	75	76	78	80	82	84	86	87	89	90	92	93	94	95	97	98	99	100
67 : 	28	54	30	66	18	1	57	14	22	32	2	49	58	64	65	39	34	13	9	56	36	25	41	3	15	42	20	53	16	50	10	60	31	27	33	45	40	8	37	51	11	43	12	38	35	44	48	6	63	47	19	55	69	73	75	78	80	83	84	86	87	88	89	93	94	96	97	99	100
68 : 	28	64	2	66	25	8	7	16	61	41	13	9	31	5	4	48	20	35	47	34	29	69	72	76	77	78	80	82	84	86	87	90	93	94	95	96	97	98
69 : 	14	19	52	68	64	27	67	66	57	38	26	24	8	46	48	45	44	16	50	59	5	55	13	42	58	33	43	62	1	36	54	49	60	15	12	37	53	65	35	28	7	32	17	21	3	23	56	25	40	11	51	20	29	4	18	9	22	2	30	70	71	72	75	76	78	80	82	83	84	86	87	92	93	94	95	96	99	100
70 : 	64	21	39	69	10	11	71	72	73	80	84	86	87	92	93	94	97	98	99
71 : 	16	22	55	39	59	4	37	62	15	1	10	17	19	20	44	24	56	6	45	54	3	21	52	14	48	49	36	27	11	47	43	13	66	42	23	5	38	32	50	57	58	2	41	18	69	60	70	7	46	26	65	51	53	34	9	28	35	31	72	75	76	78	80	82	86	87	92	93	94	95	96	98	99
72 : 	36	33	5	40	54	48	19	30	70	37	43	2	27	65	39	25	8	46	57	42	38	62	34	6	4	58	14	29	61	24	41	68	51	69	47	3	63	20	71	7	15	18	64	56	75	76	77	78	80	82	84	86	87	88	93	94	96	99
73 : 	23	6	28	35	39	44	17	70	13	34	24	29	62	42	53	52	36	63	7	12	15	1	38	43	14	22	60	27	16	67	75	78	80	82	84	86	87	94	96	99
74 : 	60	54	4	14	13	18	78	80	82	84	85	86	87	88	94	95	96	97	98	99
75 : 	67	72	18	32	51	53	23	73	26	71	58	62	40	42	45	2	69	15	8	35	11	4	28	7	3	38	60	34	29	25	61	57	30	54	65	66	6	41	37	21	5	55	64	24	44	48	10	13	63	59	43	36	46	78	79	80	84	86	87	88	93	94	97	99	100
76 : 	59	7	22	38	34	62	46	14	39	56	60	6	43	71	72	2	27	20	58	9	47	61	35	41	66	15	3	40	48	32	68	64	1	52	13	21	55	49	12	44	69	18	19	31	24	23	77	78	80	82	84	86	87	90	91	93	94	95	96	97	99
77 : 	37	40	23	30	48	59	22	76	56	6	47	72	29	2	17	53	68	78	80	82	84	86	87	88	94	96	97	98	99	100
78 : 	40	38	61	36	65	69	22	13	26	4	17	29	53	39	16	71	64	57	49	7	20	58	76	66	24	74	51	48	34	31	62	18	43	75	9	28	19	23	5	12	73	25	35	72	15	3	32	8	33	50	59	41	77	55	30	27	37	10	52	44	45	67	68	6	80	82	84	86	87	89	91	93	94	96	97	99
79 : 	23	58	25	43	54	8	59	20	61	60	1	49	35	7	33	9	17	52	21	48	62	47	11	57	46	75	26	44	56	19	12	36	32	80	84	86	87	90	92	93	96	97	99
80 : 	26	33	67	10	46	53	76	60	1	16	30	2	61	41	79	25	9	34	68	62	56	31	45	12	72	49	39	42	59	7	73	28	54	13	44	64	40	50	78	38	17	65	23	14	6	27	55	3	63	15	32	69	21	37	70	51	5	47	24	58	52	4	11	66	19	71	75	29	57	77	43	8	18	36	22	74	35	20	86	87	89	90	92	94	95	97	98	99
81 : 	52	58	44	6	22	15	13	62	84	86	87	88	89	92	93	94	96	98	99	100
82 : 	49	27	2	56	69	24	54	74	71	45	47	10	40	32	76	16	78	42	72	64	11	25	4	37	34	23	17	73	22	57	12	30	15	61	38	48	14	7	35	1	33	3	66	39	50	8	65	28	62	29	60	18	77	9	55	63	51	13	68	6	52	36	5	31	84	86	87	92	93	94	96	97	99	100
83 : 	26	13	61	42	17	12	67	51	58	22	9	15	7	69	84	86	87	90	94	97	99	100
84 : 	36	34	6	61	1	70	22	9	78	47	79	57	73	3	69	75	23	8	74	7	25	13	41	26	29	53	14	16	60	39	30	55	33	12	27	76	83	77	46	11	58	59	64	31	62	50	18	2	81	72	42	37	17	67	38	52	5	54	82	21	35	51	20	56	65	48	4	68	10	66	28	43	63	32	45	44	49	15	19	86	87	90	92	93	94	95	96	97	99	100
85 : 	45	9	52	41	59	19	62	74	60	28	15	42	86	87	94	96	97	99	100
86 : 	80	64	58	83	84	60	69	11	9	49	16	19	31	65	78	46	2	1	10	75	73	71	35	55	42	82	68	81	24	18	56	27	28	40	17	26	20	47	37	32	44	4	7	59	76	54	33	67	66	48	41	50	51	5	25	12	52	29	79	6	62	21	34	8	61	15	77	39	85	74	3	45	23	13	38	57	70	53	72	14	30	36	63	22	43	87	94	97	99
87 : 	49	78	51	27	21	86	74	55	10	85	70	40	80	53	22	20	9	56	29	60	83	42	1	24	59	75	41	14	57	8	39	69	4	16	73	33	25	31	23	37	19	68	76	46	13	2	6	32	54	81	52	35	3	62	7	38	47	15	17	66	71	48	79	61	63	12	44	45	26	64	5	82	28	67	50	65	30	34	72	11	18	77	36	84	58	43	94	96	97	99	100
88 : 	31	72	2	28	39	77	75	53	54	21	14	67	32	20	15	44	55	81	63	16	41	47	18	61	51	65	74	13	62	1	19	57	89	90	91	92	93	94	95	99
89 : 	23	35	80	60	52	3	5	81	20	37	57	11	42	28	65	21	15	2	44	66	62	30	48	39	63	47	26	54	19	40	24	34	36	67	88	17	59	33	6	18	46	64	27	58	78	12	22	1	4	90	91	93	94	97	99	100
90 : 	29	79	65	54	11	55	63	15	1	46	83	48	62	80	58	66	19	33	76	41	68	51	88	5	89	84	57	52	14	22	37	45	17	92	94	96	97	98	99
91 : 	76	41	62	89	33	40	47	88	78	92	93	94	96	97	99
92 : 	63	52	80	60	46	66	90	51	55	84	4	17	9	27	71	88	81	15	33	91	26	25	62	50	5	14	47	23	39	7	43	10	18	82	12	70	69	79	21	8	94	96
93 : 	58	22	89	84	60	11	5	12	76	29	54	37	69	61	13	1	50	46	2	59	17	6	51	53	70	7	36	81	49	25	10	35	63	47	15	91	79	28	19	71	9	45	68	32	31	24	64	33	38	65	34	30	82	72	56	40	14	75	67	23	62	57	21	44	78	66	8	88	94	97	99
94 : 	5	46	51	22	77	19	56	66	3	76	14	17	68	25	7	82	93	45	41	23	31	32	21	49	75	72	34	61	43	67	13	16	2	38	92	52	35	37	42	81	58	11	57	83	70	36	84	9	86	78	89	28	44	73	1	27	71	24	63	10	54	88	87	20	29	90	64	74	91	80	4	8	53	59	50	30	60	69	62	6	55	85	26	18	96	97	99	100
95 : 	66	80	46	57	11	54	13	8	69	88	84	55	74	4	44	68	28	76	12	43	9	41	60	71	32	16	47	27	96	98
96 : 	9	28	73	14	94	34	3	6	24	36	60	77	48	38	50	58	43	79	33	22	15	18	68	17	35	29	69	59	32	71	12	67	20	21	11	44	40	92	91	82	81	74	57	26	49	4	90	95	1	7	87	39	84	45	30	85	8	25	52	76	78	19	31	23	10	72	41	99
97 : 	8	53	87	33	83	59	62	79	90	36	52	65	20	23	49	45	74	70	48	89	16	78	32	10	46	21	4	61	56	3	14	28	63	51	75	13	50	67	19	76	66	54	85	55	86	57	38	94	93	24	84	68	35	17	34	43	60	27	91	6	9	77	41	37	80	82	98	99
98 : 	8	97	38	81	9	23	11	6	44	1	10	66	22	37	42	5	28	55	52	74	51	95	39	45	14	12	68	20	70	90	71	48	77	80	64	41	99
99 : 	38	61	4	45	53	27	12	34	15	97	6	70	22	3	81	69	88	11	54	82	30	77	18	79	43	87	74	13	94	76	65	67	2	85	93	75	84	80	16	28	8	62	7	39	72	31	60	44	90	35	86	29	46	59	66	83	10	41	25	17	89	48	20	71	26	32	14	9	52	73	21	24	91	49	63	50	36	96	19	40	56	47	78	98	57	51
100 : 	83	89	13	84	81	32	69	26	5	82	59	38	75	67	51	87	30	66	57	49	48	63	16	50	1	34	77	94	85
