100
1 : 	2	3	4	6	9	12	15	21	23	25	26	27	28	29	30	31	33	34	38	40	44	46	47	49	52	54	55	56	57	58	59	60	61	63	64	65	66	67	69	70	71	75	76	79	81	84	86	88	89	90	93	98	99	100
2 : 	1	3	4	5	6	7	8	9	11	12	14	17	21	23	25	26	28	29	31	32	33	34	37	38	40	42	43	44	54	57	58	59	60	61	62	63	64	65	66	67	68	69	73	74	75	76	77	80	81	82	83	86	87	88	90	91	92	93	98	99
3 : 	1	2	4	6	7	9	10	12	14	15	17	21	24	25	27	28	30	31	32	36	37	38	40	41	42	43	45	50	53	55	56	57	58	59	60	61	62	63	65	67	68	69	70	71	72	73	74	75	76	77	81	86	87	89	90	91	92	93	94	95	98	99	100
4 : 	2	3	1	6	7	8	9	12	14	23	24	25	27	28	29	30	31	33	34	39	43	44	46	47	48	53	54	56	57	58	59	60	61	62	63	64	65	66	67	68	69	70	73	74	75	81	83	86	87	88	89	90	94	95	98	100
5 : 	2	6	7	8	10	12	15	17	21	23	25	26	27	28	29	30	31	32	33	37	38	40	42	43	44	47	48	56	60	61	64	65	66	67	68	69	71	74	75	77	81	83	86	87	88	89	90	92	93	94	98	100
6 : 	5	2	4	3	1	7	8	9	10	12	17	19	21	23	25	27	28	30	31	33	38	39	40	42	45	49	52	56	59	60	61	62	63	64	65	66	68	69	70	73	74	77	81	82	86	88	89	90	91	92	93	94	95	98	99
7 : 	2	3	6	4	5	8	9	10	12	14	15	16	17	21	28	29	32	33	37	39	42	43	44	47	48	49	50	52	54	55	56	58	59	60	61	62	63	64	65	66	70	71	72	74	75	76	77	80	81	83	86	87	88	89	90	91	92	93	95	99	100
8 : 	2	5	7	6	4	9	12	13	15	17	20	21	22	23	25	26	27	28	29	31	33	34	36	39	40	42	43	44	45	49	50	53	54	56	59	60	61	62	63	64	66	67	68	69	71	74	75	77	80	81	83	86	88	89	90	91	93	94	95	99	100
9 : 	4	7	8	6	2	1	3	12	14	23	27	30	31	32	33	34	38	39	40	42	43	50	52	58	59	60	61	62	64	66	68	69	70	71	73	74	75	76	77	80	81	86	87	88	89	90	92	93	98	99	100
10 : 	3	5	7	6	17	20	21	25	26	27	28	30	32	33	34	37	38	40	42	47	50	52	54	56	58	59	60	61	62	63	64	65	67	70	71	74	76	77	80	81	82	83	86	88	89	90	92	93	94	95	100
11 : 	2	12	14	15	16	17	23	25	27	28	29	31	32	33	34	37	38	39	42	43	46	47	48	49	50	51	52	53	54	59	60	61	62	64	65	66	68	69	70	72	73	74	75	76	77	81	83	86	87	88	89	90	92	93	96	100
12 : 	3	7	5	11	1	6	2	4	8	9	14	15	16	17	18	23	25	28	29	32	33	34	37	38	39	40	42	43	49	56	57	59	60	61	62	64	65	66	67	68	69	70	71	74	76	77	79	81	86	88	90	91	92	93	98	99	100
13 : 	8	15	17	19	23	24	27	29	30	31	33	34	39	42	43	44	47	48	49	52	54	58	59	60	61	63	64	65	66	67	68	69	70	71	74	75	76	77	81	82	86	87	88	89	90	93	94	95	99
14 : 	7	4	3	11	2	12	9	15	17	24	25	27	29	31	32	33	34	40	43	44	47	48	50	52	53	54	57	58	59	60	61	62	63	64	65	66	67	68	69	70	71	74	75	76	77	79	80	81	82	83	86	87	88	89	90	91	92	93	98	100
15 : 	12	13	7	5	14	8	11	3	1	17	20	21	23	25	26	27	28	29	30	32	34	38	39	42	43	44	45	47	48	50	52	59	60	61	62	63	65	66	67	69	70	71	73	76	77	79	81	85	86	89	90	91	93	94	95	99
16 : 	7	12	11	17	22	23	25	27	29	31	32	33	34	38	39	40	43	44	47	50	52	56	58	59	60	61	62	64	65	66	67	68	69	70	71	74	75	76	77	79	80	81	86	88	89	90	93	98	100
17 : 	2	7	12	10	11	5	15	6	13	3	8	14	16	21	22	23	25	27	28	29	30	31	32	33	34	35	39	42	43	45	49	50	52	53	54	55	59	60	61	62	64	65	66	68	70	71	73	74	76	77	81	83	86	87	88	89	90	91	92	93	99	100
18 : 	12	20	23	25	26	27	28	32	33	34	37	38	39	40	42	45	46	47	49	54	55	56	58	59	61	62	64	65	67	68	69	70	71	74	75	76	77	81	82	83	85	86	90	92	99	100
19 : 	13	6	21	25	26	27	28	29	30	31	32	33	37	38	39	42	46	47	49	50	51	52	58	59	60	61	62	63	64	65	68	71	73	74	75	76	77	81	82	83	86	88	89	90	91	92	93	94	95	99
20 : 	15	10	8	18	21	23	26	27	29	31	32	33	38	39	42	43	45	46	50	51	54	55	56	59	60	61	62	63	64	65	66	68	69	70	71	72	74	75	77	78	81	86	87	88	89	90	92	93	94	98	99	100
21 : 	15	20	17	19	2	6	10	5	8	3	7	1	23	24	25	27	28	31	32	34	35	37	39	40	42	43	45	49	52	54	59	60	61	62	63	64	65	66	69	70	71	72	73	74	75	76	77	81	82	84	86	87	88	90	91	93	95	98	100
22 : 	16	8	17	23	27	30	31	32	33	37	38	39	40	42	44	53	54	55	58	60	61	62	64	65	66	68	70	71	73	74	75	76	77	82	86	88	89	90	92	94	95	98
23 : 	9	21	13	2	6	12	16	20	8	4	1	18	17	15	22	5	11	24	27	28	29	30	31	32	33	37	38	39	42	43	44	46	47	49	50	51	52	54	56	59	60	61	62	63	64	65	66	68	69	70	72	75	76	77	79	81	82	83	86	88	89	90	91	92	93	95	98	99	100
24 : 	21	4	13	3	14	23	26	27	29	30	32	34	37	42	44	47	50	53	54	58	59	60	61	62	64	65	67	68	69	70	71	74	75	76	77	79	81	86	87	88	89	90	91	92	93	94	95	97	99	100
25 : 	19	14	3	1	2	18	5	8	12	17	15	6	4	16	11	21	10	26	27	28	29	31	32	33	34	39	42	43	44	45	47	48	49	50	52	53	54	56	58	60	61	62	63	64	65	66	69	70	71	73	74	75	76	80	81	86	87	88	90	91	92	93	98	100
26 : 	1	25	8	5	15	10	2	18	24	19	20	27	28	29	30	31	32	33	37	38	40	42	43	47	49	50	52	59	60	61	62	64	65	66	67	68	69	70	71	74	75	76	77	81	82	83	86	88	90	92	93	100
27 : 	25	5	3	19	18	1	22	6	26	16	14	4	13	10	23	20	11	15	8	9	17	24	21	29	30	32	33	34	40	42	46	47	49	52	54	56	58	59	60	61	62	64	65	66	68	69	70	71	73	74	75	76	77	79	80	81	84	86	88	89	90	91	92	93	94	96	99	100
28 : 	17	23	25	1	10	3	26	2	12	7	19	18	4	8	5	15	6	21	11	29	31	32	33	34	37	38	42	43	44	45	46	47	51	52	54	58	59	60	61	62	64	65	67	68	69	70	71	74	76	81	86	88	90	92	93	94	95	98	99	100
29 : 	24	28	2	16	7	27	13	25	5	1	26	14	8	4	17	15	11	20	12	19	23	31	32	33	34	36	37	38	39	40	41	42	45	48	53	54	59	60	61	62	63	64	65	66	69	70	71	74	76	77	79	80	81	82	83	86	87	88	90	92	93	94	95	98	99	100
30 : 	10	22	15	27	23	9	6	1	17	4	24	19	26	3	5	13	31	32	34	37	38	39	40	42	43	47	52	53	54	56	58	60	61	62	63	64	65	66	69	70	71	73	74	75	77	80	81	82	86	87	88	90	91	92	93	98	100
31 : 	22	21	25	1	26	19	13	2	23	17	5	30	29	28	6	14	4	11	20	3	8	16	9	32	33	34	37	38	39	40	42	45	46	47	52	54	56	58	59	60	61	62	64	65	68	69	70	71	74	75	76	77	78	80	81	82	85	86	87	88	89	90	92	93	94	97	98	99	100
32 : 	16	14	25	2	21	31	28	18	12	15	20	17	7	10	23	26	3	22	5	30	19	27	9	24	29	11	33	34	37	38	39	42	44	47	49	50	51	53	54	56	59	61	62	64	65	66	69	70	71	74	75	80	81	83	85	86	88	89	90	91	92	93	94	95	98	99
33 : 	17	18	31	23	13	16	26	28	9	22	1	4	8	12	10	14	27	7	5	19	25	2	6	20	29	11	32	34	37	38	41	43	46	47	48	49	52	53	54	58	59	61	62	64	65	66	67	69	70	72	73	74	75	76	77	79	81	82	83	86	87	88	89	90	92	93	94	96	98	99	100
34 : 	29	9	18	31	30	2	16	25	24	15	21	13	27	8	1	12	17	14	4	33	11	28	10	32	37	38	39	42	43	44	49	52	54	58	59	60	61	62	63	64	65	66	67	68	69	70	71	74	75	77	81	82	83	84	86	88	89	90	92	93	95	97	98	99
35 : 	21	17	42	43	44	45	47	50	52	54	58	59	60	61	62	64	65	69	70	71	74	76	77	80	81	86	90	92	93	94	100
36 : 	29	8	3	38	39	40	43	47	48	49	50	54	56	58	59	60	61	62	64	65	66	67	68	69	70	71	72	73	74	75	77	80	81	82	83	86	87	89	90	91	92	93	94	97	98	99	100
37 : 	30	10	19	7	21	24	12	34	28	3	18	23	26	31	29	11	33	5	32	22	2	38	39	40	42	43	45	49	50	54	56	57	58	59	60	61	62	64	65	66	67	68	69	70	71	73	74	75	76	77	79	83	86	88	89	90	91	92	93	95	98	100
38 : 	11	5	2	26	15	18	6	23	20	12	37	31	19	36	1	32	10	22	9	28	34	30	16	3	29	33	39	42	43	45	47	49	50	52	54	58	59	60	61	62	64	65	66	69	70	71	73	74	75	77	79	81	83	86	88	90	92	93	99	100
39 : 	31	13	11	8	32	7	38	22	25	18	23	16	29	21	20	6	15	12	19	34	4	37	30	17	36	9	41	42	45	47	48	50	52	54	60	61	63	65	66	67	68	69	71	73	74	76	77	81	82	83	86	88	89	90	92	93	99	100
40 : 	1	37	30	2	5	14	12	31	36	26	16	8	22	6	27	3	9	18	29	21	10	41	42	43	45	47	50	53	54	55	59	60	61	62	64	65	69	70	73	74	75	76	77	81	82	83	84	86	87	88	89	90	91	92	93	97	98	99	100
41 : 	39	40	33	29	3	42	43	44	45	46	47	48	50	53	54	56	58	59	60	61	62	64	65	66	69	70	71	73	74	76	77	82	83	86	87	88	90	98	99
42 : 	30	29	25	8	34	27	2	7	21	23	32	10	41	37	35	39	9	40	22	19	26	12	18	31	38	3	5	24	20	6	13	28	17	11	15	43	47	49	52	53	54	58	59	60	61	62	63	64	66	67	68	69	70	72	73	74	76	77	79	80	82	84	86	87	88	89	90	92	93	94	98	99
43 : 	11	38	12	36	20	3	23	5	8	2	41	26	14	40	21	13	25	17	28	35	16	34	30	15	37	33	7	9	42	4	44	45	47	50	51	52	54	56	59	60	61	62	64	65	66	67	68	69	70	77	81	86	87	88	89	90	91	92	93	94	97	98	99	100
44 : 	16	5	14	24	13	34	8	32	35	28	22	43	23	15	2	1	25	4	41	7	47	49	50	53	54	59	60	61	62	63	64	65	66	68	69	70	71	73	74	76	77	81	82	83	86	87	88	90	92	98	100
45 : 	25	35	40	41	29	38	17	6	15	37	21	8	43	31	28	18	3	20	39	47	50	51	52	60	61	62	63	64	65	66	68	69	70	72	74	75	76	81	82	86	88	89	90	91	93	94	95	99
46 : 	4	11	33	28	27	19	23	41	20	31	18	1	50	54	56	57	58	59	60	61	62	64	65	66	67	68	69	70	71	73	74	75	76	77	81	83	86	87	88	90	91	92	93	99	100
47 : 	1	19	41	35	36	31	14	5	40	45	30	10	38	27	15	7	11	4	26	16	44	42	13	39	18	23	33	24	25	32	43	28	50	53	54	57	59	61	62	63	64	66	68	69	70	73	74	75	76	77	80	81	82	86	87	88	89	90	91	93	94	95	99	100
48 : 	4	7	14	29	39	41	13	25	36	33	11	5	15	50	52	54	56	58	59	61	62	64	65	67	68	69	71	74	75	76	77	79	80	81	86	87	88	90	91	92	93	95	98	99	100
49 : 	33	37	38	11	19	8	6	18	1	13	17	27	44	36	23	25	26	12	32	21	7	42	34	50	51	53	54	56	57	58	59	61	62	63	64	65	66	67	69	70	71	72	74	75	77	79	81	83	86	87	89	90	92	93	94	95	98	99
50 : 	39	45	23	11	17	48	49	9	47	19	32	37	43	26	10	35	3	46	8	44	41	15	38	40	20	25	24	16	7	14	36	53	54	58	59	60	61	62	64	65	66	67	68	70	71	73	76	77	80	86	87	88	90	92	93	94	98	99	100
51 : 	11	32	49	45	43	20	19	23	28	52	53	54	59	61	62	63	64	65	66	68	69	70	71	73	74	76	77	80	86	88	90	91	92	94	99
52 : 	27	1	26	19	6	30	25	45	38	9	16	33	7	15	48	39	21	51	42	31	23	14	34	28	10	35	43	17	13	11	53	54	56	59	60	61	62	63	64	65	66	68	69	70	71	73	74	75	76	79	80	81	86	88	89	90	91	92	93	98	99	100
53 : 	3	29	41	17	32	51	11	30	42	40	8	52	25	4	47	44	50	49	33	14	24	22	54	59	60	61	62	63	64	65	68	69	70	71	74	75	76	77	79	81	83	87	88	89	90	91	92	93	98	99	100
54 : 	7	38	20	32	52	27	34	37	49	42	51	14	48	47	10	44	17	40	23	50	43	28	13	22	41	39	4	21	29	24	46	1	31	25	18	8	30	36	33	53	2	35	11	55	58	59	61	62	64	65	66	67	70	71	74	76	77	81	82	84	86	87	88	89	90	91	92	93	94	95	98	99	100
55 : 	54	7	3	18	22	40	17	20	1	56	58	59	60	61	62	63	64	65	66	68	69	70	71	73	77	81	84	86	87	89	90	93	97	99
56 : 	49	23	10	6	12	41	55	31	36	46	32	3	1	37	43	30	48	18	5	8	27	7	52	25	16	4	20	57	58	59	60	61	62	63	64	65	68	69	70	73	74	75	77	81	82	83	84	87	88	90	91	93	95	99	100
57 : 	56	3	37	49	46	2	1	47	14	4	12	58	59	60	61	62	64	65	67	69	70	71	73	74	76	79	81	83	86	88	89	90	92	93	94	98	100
58 : 	30	24	9	7	4	50	18	10	55	34	37	25	1	31	13	48	49	14	2	16	27	3	46	19	38	35	56	33	54	36	22	41	28	42	57	59	60	61	62	64	65	66	67	69	70	72	73	74	76	77	82	83	86	87	88	90	91	92	93	94	95	96	99
59 : 	37	44	17	11	47	48	36	58	13	43	7	18	29	3	41	27	15	33	56	26	51	46	40	42	31	34	38	50	52	24	16	54	12	8	23	2	32	35	14	21	20	4	57	10	9	6	55	49	53	19	1	28	60	64	66	67	68	69	70	71	74	75	76	77	80	81	86	87	88	90	93	94	98	99	100
60 : 	27	21	23	11	8	6	22	43	26	59	57	14	37	38	5	30	39	12	31	44	50	36	45	4	7	29	24	3	42	35	15	53	52	25	2	34	58	10	46	17	40	16	41	56	1	9	28	13	19	55	20	61	62	63	64	65	66	67	68	69	70	74	75	77	81	83	87	88	89	90	91	93	95	98	99	100
61 : 	16	50	23	47	17	29	48	31	42	44	25	13	22	30	20	9	35	27	41	12	39	52	6	55	26	54	4	51	60	32	36	57	18	24	37	15	5	53	58	7	38	1	11	21	45	10	33	2	14	28	8	43	40	3	34	19	46	49	56	64	65	66	67	68	69	70	71	74	76	77	81	83	86	87	88	89	90	91	92	93	95	100
62 : 	10	49	15	41	4	46	42	52	18	27	6	33	44	47	19	12	17	16	40	55	25	30	29	8	50	45	43	7	53	36	51	24	26	48	28	20	2	9	35	56	38	58	54	22	60	34	11	23	32	31	57	21	37	14	3	63	64	68	69	70	71	73	74	75	76	77	80	86	87	88	89	90	91	92	94	99	100
63 : 	3	13	49	7	30	53	42	62	29	15	52	39	1	4	23	44	8	25	21	2	45	56	20	47	10	19	6	51	14	34	55	60	64	65	68	69	70	71	73	74	75	76	77	79	81	86	87	89	93	95	97	99	100
64 : 	25	35	16	31	22	50	11	10	59	30	32	56	54	12	2	63	9	33	46	45	44	47	52	5	20	17	24	26	8	36	18	61	48	7	51	34	60	38	42	57	21	28	49	58	29	1	13	43	14	53	37	62	19	40	23	41	6	55	4	27	65	67	68	69	71	73	74	76	77	80	81	83	86	87	88	90	91	93	98
65 : 	6	41	22	63	36	30	49	14	51	43	5	50	35	61	39	46	4	45	17	26	27	58	1	34	40	18	38	44	31	52	19	54	12	64	3	20	25	29	56	60	53	11	23	57	21	13	7	37	48	10	28	24	16	32	15	2	55	33	66	67	69	70	71	72	74	75	77	81	83	84	86	87	88	89	90	92	93	95	96	98	99	100
66 : 	12	9	58	5	11	36	54	43	17	44	25	52	46	37	14	27	20	49	23	7	51	30	6	59	39	4	42	2	29	34	41	45	1	13	60	55	61	47	38	65	16	26	15	8	32	22	33	50	21	68	70	71	73	74	75	77	80	81	82	83	86	88	89	90	91	94	95	98	99	100
67 : 	8	26	2	34	3	48	15	36	61	16	64	14	46	59	5	13	18	39	4	43	24	50	42	10	1	37	60	58	49	65	54	28	57	33	12	68	69	70	71	72	73	74	75	77	80	81	82	83	86	88	89	90	91	92	95
68 : 	63	34	48	59	51	66	23	64	14	9	55	56	24	52	11	26	42	28	27	61	44	45	37	39	20	47	3	12	53	16	50	18	19	8	67	60	36	17	13	22	4	43	62	31	6	5	46	2	69	71	74	75	76	77	81	82	84	86	87	88	89	90	91	92	94	99	100
69 : 	9	23	43	5	12	47	40	15	3	42	65	49	20	36	24	13	27	25	58	48	6	41	21	67	2	38	31	8	18	45	16	33	55	62	26	46	64	56	30	32	1	51	59	4	68	14	11	60	52	35	61	29	44	57	34	39	28	63	53	37	70	71	74	75	77	83	86	87	88	89	90	91	93	99	100
70 : 	24	46	40	9	4	21	58	47	51	41	20	54	38	62	56	1	30	34	63	28	45	57	66	43	35	3	69	29	7	52	55	18	23	59	32	31	13	17	15	14	33	37	67	50	44	27	6	26	61	22	16	65	11	53	60	49	10	42	12	25	36	71	74	75	76	77	81	86	87	88	90	92	93	95	98	99	100
71 : 	5	38	53	13	8	55	20	1	28	65	25	19	59	17	44	62	9	3	10	34	63	54	32	41	24	46	67	27	68	26	57	7	66	14	21	69	39	61	31	37	49	30	48	18	12	51	29	64	35	15	16	50	22	52	36	70	73	74	75	79	81	82	83	85	86	88	89	91	92	93	98	99	100
72 : 	45	58	11	36	21	3	33	42	49	23	67	7	20	65	73	74	75	76	77	79	80	81	86	87	88	90	93	99
73 : 	58	22	66	38	33	25	9	42	40	55	36	62	6	4	3	50	63	46	37	56	52	51	64	27	72	67	57	41	2	30	47	17	15	21	19	11	44	71	39	74	75	76	77	80	81	83	86	89	90	91	92	93	94	95	96	98	99	100
74 : 	32	4	48	5	53	71	45	41	38	16	6	27	62	64	59	36	54	52	39	12	67	25	17	47	2	65	70	72	56	51	11	60	68	8	29	24	35	44	10	57	20	61	14	58	46	34	26	42	22	31	30	66	49	3	18	33	19	13	28	73	40	69	9	37	63	21	7	76	77	81	84	86	87	88	90	91	93	94	98	99	100
75 : 	73	66	67	2	32	11	8	69	53	60	72	46	19	68	21	37	71	4	22	36	20	56	16	34	26	45	1	13	40	5	31	33	59	30	18	47	27	52	25	65	38	3	14	7	62	63	48	49	24	70	23	9	77	82	84	86	88	89	90	91	92	93
76 : 	61	47	14	18	7	23	44	48	21	29	35	68	11	1	28	3	25	46	74	72	16	9	19	26	54	12	64	40	2	45	33	17	37	58	50	31	15	39	24	41	63	70	10	52	13	73	57	59	53	42	22	62	51	27	77	79	81	83	84	86	87	90	91	92	93	94	98	100
77 : 	15	75	21	41	13	20	10	7	27	70	73	59	72	63	26	24	33	5	65	58	9	69	19	49	61	8	51	38	40	62	12	74	43	55	36	35	76	53	23	44	16	34	50	6	18	2	46	11	60	48	54	14	39	66	47	42	68	64	56	22	37	3	67	29	17	30	31	80	81	82	86	88	90	92	93	98	99	100
78 : 	20	31	81	82	83	86	87	88	89	90	91	93	98	99
79 : 	53	52	71	42	49	33	1	16	14	48	27	24	37	12	38	76	63	57	72	23	15	29	81	87	88	89	90	92	94	99	100
80 : 	66	16	9	32	47	14	7	51	52	36	67	62	77	50	25	64	59	48	31	42	10	27	8	35	73	29	72	2	30	81	83	86	87	88	90	91	93	94	98	100
81 : 	33	4	1	31	64	40	61	6	20	39	28	47	29	5	74	70	60	80	17	9	23	11	65	57	13	77	25	72	3	44	53	66	67	78	2	76	15	30	52	71	56	21	10	18	55	38	36	7	54	16	24	68	79	34	73	35	19	43	26	59	8	27	32	48	45	14	46	63	49	12	83	86	88	90	92	93	94	95	98	100
82 : 	71	47	14	68	2	66	36	54	31	77	39	34	6	30	78	33	26	41	67	40	58	29	10	21	56	13	44	42	23	75	19	45	22	18	83	84	86	87	90	91	92	95	99
83 : 	81	2	69	17	23	11	46	76	60	4	73	32	57	58	38	18	41	49	26	7	71	66	8	61	14	10	33	5	44	67	80	82	36	19	40	39	37	56	34	64	53	29	65	78	86	87	88	89	90	92	93	94
84 : 	27	34	65	54	68	56	40	82	76	74	55	75	42	21	1	85	86	87	88	89	90	91	92	93	94	95	99	100
85 : 	31	15	18	32	84	71	86	87	88	90	92	94	95	98	100
86 : 	29	25	13	43	51	66	84	8	26	33	64	48	77	32	40	81	20	70	76	18	24	44	6	15	65	2	34	83	10	28	57	38	4	68	75	5	3	52	85	23	49	35	62	17	58	74	30	9	78	61	36	47	31	37	59	42	46	39	11	16	73	80	50	21	72	45	41	54	71	63	27	69	19	1	7	67	55	22	82	12	14	88	89	90	92	93	94	98	99	100
87 : 	85	49	62	43	29	83	20	7	59	56	64	60	68	61	65	30	2	21	53	33	25	47	44	74	63	55	24	79	13	4	42	78	40	46	36	69	84	17	41	70	54	5	72	80	50	9	3	76	58	31	11	48	14	82	89	90	91	92	93	94	95	98	99
88 : 	64	71	6	60	51	45	27	54	31	50	57	17	52	46	86	72	38	83	78	30	2	68	34	1	61	22	9	84	5	69	39	4	11	41	25	23	47	79	12	58	77	42	10	67	43	19	26	74	7	44	33	53	75	65	32	29	48	20	85	40	59	81	24	21	8	16	80	56	13	70	37	66	62	14	28	89	90	92	93	98	99	100
89 : 	3	8	61	20	22	13	33	27	36	34	86	9	15	55	37	47	62	69	52	19	6	73	4	43	78	23	5	63	87	75	45	67	42	57	83	14	79	10	1	16	39	60	49	32	68	17	66	40	71	84	11	65	54	31	7	53	24	88	92	93	94	95	98
90 : 	4	20	29	58	39	31	6	82	41	38	13	88	33	21	65	54	10	9	64	57	36	30	69	37	43	70	26	76	5	24	44	77	34	87	60	17	11	72	59	47	74	8	79	67	78	50	25	73	40	18	62	28	22	14	68	53	52	80	49	12	85	84	45	55	51	56	66	81	48	19	27	32	16	23	35	1	83	7	61	86	42	75	2	15	46	3	91	92	93	98	99	100
91 : 	32	90	56	68	54	69	61	73	7	48	80	53	12	66	25	45	27	3	17	14	64	37	19	84	40	21	87	75	43	78	62	76	58	6	46	24	2	36	51	67	15	74	30	60	71	52	8	82	47	23	98	99	100
92 : 	82	22	25	5	35	44	29	38	19	87	52	75	43	24	34	50	7	48	11	65	49	62	42	61	79	18	89	31	57	46	33	39	2	54	90	86	71	58	14	10	23	17	53	12	30	36	20	51	32	28	81	76	85	83	6	26	67	70	37	3	77	40	84	68	88	9	27	73	94	95	98	99	100
93 : 	43	36	86	13	74	16	50	20	33	21	72	75	12	35	3	58	23	7	48	10	57	47	26	64	76	89	46	54	27	45	87	32	65	88	1	29	52	80	19	53	15	70	17	31	39	14	30	49	69	90	9	73	37	78	28	60	38	81	24	63	77	5	40	11	42	34	55	83	59	25	6	2	8	84	61	56	71	94	95	97	98	99
94 : 	74	32	51	20	36	89	45	22	6	66	33	8	59	92	87	79	29	73	13	93	24	28	42	80	10	83	43	49	35	15	47	50	62	4	3	86	31	57	5	84	76	27	81	19	58	54	68	85	95	98
95 : 	23	34	3	15	87	4	56	13	89	22	94	37	48	93	65	61	60	21	81	6	70	67	45	82	92	84	49	28	58	66	73	85	47	7	8	63	32	29	10	19	24	54	98	99	100
96 : 	33	11	58	65	73	27	99	100
97 : 	40	36	43	31	55	24	93	34	63	98	100
98 : 	77	70	78	28	31	21	88	90	37	29	94	54	42	59	92	9	81	6	2	4	34	16	53	73	44	30	20	93	3	97	1	22	52	49	40	76	80	71	66	14	85	95	57	12	64	87	48	36	33	74	43	65	50	25	32	23	5	91	60	41	89	86	99
99 : 	34	91	42	62	45	96	88	65	13	59	95	54	72	29	73	43	41	1	86	28	58	12	8	3	23	48	71	40	92	36	77	87	50	33	63	2	7	68	98	9	20	70	69	46	52	15	60	51	49	74	38	19	27	55	47	39	53	93	82	79	56	18	66	24	32	6	84	31	17	78	90	100
100 : 	74	71	57	85	66	23	70	59	96	36	80	68	7	60	77	4	46	90	50	12	81	91	76	86	63	9	95	27	56	5	30	17	33	43	54	8	29	79	65	25	40	38	37	14	1	61	21	16	62	11	18	44	88	35	3	84	97	10	52	99	24	26	69	20	92	53	28	39	47	48	31	73
