100
1 : 	2	3	4	5	6	9	10	11	12	13	17	18	19	20	24	25	27	28	29	30	41	43	46	48	49	52	55	56	57	59	60	70	74	75	77	78	82	83	85	86	87	91	92	93	97	99	100
2 : 	1	3	5	6	7	9	10	11	18	19	20	22	23	24	25	27	28	29	32	38	39	40	41	42	46	50	51	52	55	56	59	63	65	70	73	74	75	77	78	79	81	82	83	85	86	87	88	91	92	93	99	100
3 : 	1	2	5	6	7	9	10	11	12	13	15	17	18	19	20	22	23	24	25	28	29	30	31	32	37	38	40	41	45	46	49	52	53	54	55	56	57	59	60	71	73	74	76	77	79	82	85	86	87	88	91	96	99
4 : 	1	5	7	9	10	11	12	14	16	17	18	19	20	24	25	26	27	29	30	31	32	34	38	39	40	41	42	43	44	46	49	50	51	52	55	56	57	59	60	61	62	63	66	70	71	72	73	74	75	77	78	79	81	83	84	85	87	91	92	96	99	100
5 : 	2	3	1	4	6	7	8	9	10	11	18	23	24	25	27	31	32	34	37	38	40	41	43	46	47	49	50	52	53	56	59	60	63	67	68	69	71	73	77	78	81	82	85	87	89	92	96	99	100
6 : 	2	5	3	1	7	10	11	13	18	20	22	23	25	27	28	29	30	31	32	34	37	38	41	43	44	46	52	53	55	57	58	59	71	73	74	77	78	79	80	82	83	84	86	87	88	91	92	93	95	99	100
7 : 	5	4	6	3	2	9	10	11	14	18	19	20	21	23	24	25	27	30	32	34	35	38	39	40	43	46	47	52	53	55	56	57	59	63	64	66	71	73	74	77	78	79	84	85	88	89	92	99
8 : 	5	9	10	13	18	19	20	24	25	26	27	28	29	30	31	32	37	38	41	43	45	46	47	49	52	53	55	57	60	65	71	73	74	75	77	78	81	82	83	84	85	87	92	93	99
9 : 	5	1	8	7	2	3	4	10	11	13	14	16	17	18	19	20	22	23	24	25	27	28	29	30	31	32	37	38	39	41	43	46	48	49	50	52	54	55	56	57	59	66	70	71	74	76	77	78	83	85	87	91	92	99	100
10 : 	1	3	8	5	2	4	7	9	6	11	13	15	17	18	20	23	24	25	27	28	29	31	34	37	39	40	43	46	47	53	55	59	62	64	69	71	74	75	77	78	81	82	83	84	85	86	87	89	91	92	93	96	99	100
11 : 	7	5	1	4	9	3	2	6	10	12	14	16	17	18	19	20	23	25	27	28	38	39	40	41	43	45	46	49	52	53	54	55	57	59	60	61	71	72	73	74	75	77	78	79	82	83	84	87	89	90	91	92	96	100
12 : 	11	4	1	3	13	15	18	19	20	23	24	25	27	30	31	32	34	36	37	38	39	40	41	42	43	45	46	47	49	50	53	55	56	57	59	60	66	69	70	71	73	74	77	78	81	82	86	87	91	93	94	99	100
13 : 	8	10	6	1	9	12	3	14	18	20	22	23	24	25	27	28	29	31	32	37	39	41	42	43	46	50	52	53	55	56	57	58	60	71	73	74	75	78	81	82	83	84	87	89	91	92	95	97	99	100
14 : 	11	4	13	9	7	18	20	23	25	27	28	29	31	34	38	39	40	41	46	47	54	55	56	57	58	60	61	62	63	66	71	73	74	75	76	78	81	82	83	84	86	87	89	90	91	92	94	96
15 : 	3	12	10	16	18	19	20	23	24	25	27	29	30	31	32	38	39	41	43	46	49	52	55	56	60	61	63	66	71	77	78	79	81	82	83	87	88	91	92	99	100
16 : 	9	15	11	4	18	23	24	25	27	28	29	30	31	32	33	38	40	41	43	46	48	49	50	53	56	57	60	63	64	71	74	75	77	78	80	81	82	86	87	88	91	99	100
17 : 	1	3	11	10	4	9	18	19	20	21	23	24	25	27	29	30	34	38	39	43	46	50	53	54	55	56	57	58	59	60	61	63	66	70	71	72	74	77	78	79	81	82	87	91	92	99
18 : 	2	3	15	1	6	12	4	9	5	17	10	13	16	8	11	7	14	19	20	23	25	26	27	28	30	31	38	39	40	41	43	46	50	55	59	60	62	63	65	66	71	72	73	74	77	78	81	83	85	87	89	91	92	93	95	99	100
19 : 	12	3	1	8	2	11	15	9	17	7	18	4	21	22	23	24	25	28	32	34	37	38	40	41	43	46	47	48	49	51	55	56	58	71	73	75	77	78	81	85	87	88	91	92	93	95	96	99
20 : 	2	13	6	7	14	11	10	17	8	3	18	15	12	1	4	9	22	23	25	27	28	30	31	32	35	36	38	39	40	41	43	46	47	52	53	55	57	59	61	66	71	72	73	77	80	81	82	85	86	87	88	90	91	93	94	99	100
21 : 	7	19	17	23	24	25	26	27	28	29	30	31	32	34	39	41	43	46	48	49	50	53	55	57	59	66	70	71	73	77	78	81	82	83	86	87	89	91	93	95	99	100
22 : 	6	19	20	2	13	3	9	23	25	27	28	29	30	31	34	38	39	40	41	42	43	46	49	53	55	56	61	63	65	66	71	73	75	76	77	78	81	82	83	85	87	88	90	91	93	94	99
23 : 	20	18	5	11	13	3	12	16	15	9	22	14	10	19	7	2	17	21	6	24	25	26	27	28	30	31	34	37	38	39	40	41	43	46	49	50	52	55	57	59	60	62	63	71	72	74	76	77	78	79	81	82	84	87	88	90	91	92	94	99
24 : 	3	19	13	10	17	2	9	12	7	8	21	5	15	4	23	16	1	25	27	28	29	31	32	34	37	38	41	43	46	47	52	53	55	56	57	59	61	70	74	77	78	81	82	84	85	86	87	90	91	92	95	96	99	100
25 : 	2	19	22	23	21	12	16	17	13	6	18	5	20	8	24	9	10	11	1	15	3	4	7	14	27	29	30	31	32	38	39	40	41	43	46	52	53	55	56	57	59	63	66	71	74	75	77	78	82	83	87	88	91	92	93	96	100
26 : 	23	4	8	21	18	27	28	29	30	32	38	39	40	41	43	44	46	49	52	53	54	55	56	59	63	65	70	71	73	75	77	78	79	81	85	87	88	91	92	93	96	99	100
27 : 	5	9	18	8	10	11	22	21	4	6	17	14	12	25	16	2	20	26	13	23	24	15	1	7	28	29	30	32	34	39	40	43	46	52	53	54	59	60	62	63	64	65	66	71	73	75	78	79	83	84	86	87	88	89	91	92	95	96	99	100
28 : 	8	22	9	24	18	11	21	6	23	16	26	20	13	19	10	3	14	2	1	27	30	32	34	35	37	38	40	41	43	46	50	52	53	55	57	60	61	66	69	71	73	74	75	77	78	79	82	83	84	85	86	87	89	91	92	93	94	95	96	99	100
29 : 	16	14	26	21	10	24	13	27	9	3	2	25	1	22	6	17	8	15	4	30	31	32	37	40	41	45	46	47	49	50	51	53	55	56	57	63	65	69	71	72	73	77	78	79	81	83	84	85	87	91	93	95	96	99
30 : 	7	15	3	27	8	23	26	4	25	17	28	6	16	29	18	9	20	22	12	1	21	32	37	39	40	41	43	46	47	48	52	53	55	57	61	66	69	74	75	77	79	81	82	83	84	85	87	88	91	94	96	97	99	100
31 : 	16	20	4	13	6	5	21	14	3	18	15	23	10	24	25	29	22	12	9	8	32	38	39	40	41	42	43	44	46	47	49	50	52	53	55	57	59	63	65	71	74	75	77	81	82	83	85	86	87	88	89	90	91	92	93	99
32 : 	20	3	12	5	24	16	27	8	13	25	28	30	26	6	29	7	15	9	31	2	21	4	19	37	39	40	41	46	47	50	51	53	56	58	61	71	73	75	78	79	82	83	84	85	86	87	88	89	91	92	95	99
33 : 	16	34	35	37	38	39	40	41	44	46	49	50	52	53	55	57	58	59	60	65	66	70	71	74	77	79	81	82	84	85	87	88	91	92	95	96	99	100
34 : 	10	19	33	22	24	21	6	5	27	28	7	12	14	23	17	4	39	40	43	46	47	48	49	53	55	57	63	66	68	70	71	75	76	77	78	79	80	81	82	85	87	88	91	93	96	99	100
35 : 	28	20	7	33	37	38	39	40	41	43	46	47	52	53	55	57	59	60	61	66	70	71	72	74	76	77	78	84	85	87	88	91	92	93	99	100
36 : 	12	20	39	40	41	43	46	49	51	52	53	58	59	60	61	63	64	65	66	70	74	75	76	77	78	81	85	86	87	88	90	91	92	93	95	99	100
37 : 	6	30	35	10	32	28	5	29	8	24	19	3	23	9	33	12	13	38	39	40	41	46	47	48	49	50	53	54	55	56	58	59	61	65	66	70	71	74	77	78	79	81	82	83	85	87	88	90	91	92	93	100
38 : 	25	17	2	20	33	4	6	15	12	19	18	3	26	9	37	11	23	8	22	16	5	31	35	7	24	28	14	40	41	43	45	46	52	53	55	58	59	61	62	64	66	71	73	75	77	78	79	81	82	83	85	86	87	91	92	95	99	100
39 : 	31	21	10	20	26	32	13	36	11	12	23	2	7	18	22	35	30	37	4	15	17	34	9	33	27	14	25	40	45	46	50	52	53	55	56	59	61	72	73	74	75	77	78	82	83	84	86	87	88	89	91	92	93	95	96	99	100
40 : 	27	29	12	33	4	32	23	38	25	39	36	28	16	19	11	26	20	10	3	35	22	2	34	18	7	30	37	14	31	5	41	43	46	49	50	52	53	55	56	57	60	66	70	71	74	75	77	78	79	82	85	87	88	89	90	92	93	95	96	99	100
41 : 	21	33	9	8	23	28	25	24	29	22	3	11	31	36	35	1	2	20	37	14	12	4	16	18	13	32	19	6	38	15	30	40	26	5	46	47	49	50	53	55	56	57	60	63	65	71	73	74	77	79	81	82	83	85	86	87	88	89	91	96	97	99
42 : 	4	22	12	31	2	13	43	46	47	49	50	52	53	54	55	56	57	59	65	66	71	74	75	76	79	83	85	86	87	92	93	94	95	96	99
43 : 	31	35	21	1	27	17	16	38	42	26	19	5	34	22	28	24	20	30	18	23	4	10	8	6	13	9	15	36	11	12	25	7	40	46	47	51	52	53	55	56	57	59	60	62	66	71	74	75	77	80	81	83	85	87	90	91	92	93	99
44 : 	33	31	26	6	4	46	53	55	56	57	59	60	70	71	73	77	79	81	83	85	86	87	88	90	91	92	93	94	99	100
45 : 	8	3	11	29	39	38	12	46	47	52	55	57	62	70	71	75	77	78	79	81	82	83	84	86	88	91	92	99	100
46 : 	35	11	40	4	33	31	14	44	36	22	3	13	9	29	42	20	38	27	15	10	16	5	12	24	7	8	41	6	37	25	28	39	17	21	43	19	32	23	34	1	2	18	30	45	26	49	50	52	55	56	59	61	65	66	71	73	76	77	79	82	83	85	87	88	91	93	95	96	99	100
47 : 	45	10	43	37	24	8	14	29	19	34	41	5	12	42	7	32	35	30	20	31	50	52	53	55	56	57	60	61	64	70	71	73	74	78	79	82	83	85	86	87	88	93	96	99
48 : 	9	37	1	19	21	30	16	34	53	55	56	57	59	62	64	65	70	71	73	74	75	78	79	82	84	85	86	87	91	93	96	99	100
49 : 	11	8	9	21	46	31	37	41	34	23	3	12	42	16	15	1	33	19	40	26	36	5	22	4	29	50	52	55	56	61	63	66	70	71	73	74	75	77	78	79	82	84	86	87	91	93	96	99
50 : 	49	39	32	42	4	31	18	5	47	21	12	2	9	29	41	13	33	28	37	23	16	46	17	40	53	57	58	61	62	63	66	70	71	74	77	78	79	80	81	82	83	84	85	87	89	93	94
51 : 	43	2	29	4	36	32	19	52	53	55	56	59	60	64	71	72	73	77	78	79	81	82	85	87	91	92	93	94	95	96	99	100
52 : 	7	40	3	13	35	27	39	38	5	47	9	11	23	26	2	45	15	51	30	49	20	24	42	36	8	28	25	1	46	33	43	6	4	31	53	55	56	57	60	62	66	71	73	75	77	78	79	82	83	85	86	87	89	92	93	96	99	100
53 : 	12	26	52	10	21	40	27	7	22	24	41	3	11	32	33	16	29	51	50	6	8	20	36	43	17	30	13	34	48	31	44	5	39	37	47	42	25	28	35	38	54	55	56	57	59	60	63	64	70	71	72	73	75	77	78	80	81	87	88	91	92	95	99	100
54 : 	9	17	11	14	26	53	37	3	27	42	55	56	59	60	71	73	74	75	78	79	82	83	87	88	91	92	95	96	99	100
55 : 	17	34	29	20	48	35	28	22	47	39	33	14	24	51	44	8	49	43	42	45	40	23	3	38	2	21	18	26	9	52	46	4	1	12	30	13	25	10	41	19	6	53	31	15	11	37	7	54	56	59	60	61	62	63	70	71	77	79	82	87	90	92	99	100
56 : 	48	39	1	42	5	49	3	16	24	17	43	7	19	46	37	9	22	32	55	4	47	15	54	14	40	12	29	44	13	25	26	2	51	52	41	53	59	60	62	63	65	66	70	71	73	74	75	78	79	81	82	83	84	85	86	87	88	90	92	93	94	99	100
57 : 	13	28	9	20	4	43	40	52	41	48	11	21	34	8	6	3	1	47	12	33	29	31	44	24	7	25	17	23	30	16	14	42	45	53	35	50	59	60	62	63	71	74	77	78	82	83	84	85	87	90	91	92	94	99
58 : 	37	36	33	32	19	14	38	17	6	50	13	59	60	63	70	71	73	74	75	77	78	79	81	82	84	85	86	87	92	93	96	99
59 : 	17	48	46	20	54	9	6	58	3	55	39	57	33	43	38	2	12	23	37	18	21	42	31	25	51	1	53	36	56	10	44	5	7	24	26	11	35	27	4	61	64	71	73	77	78	79	80	81	82	84	87	88	89	90	91	92	93	99	100
60 : 	52	4	13	54	36	3	12	27	11	53	56	44	35	16	18	17	43	8	28	55	58	47	23	14	41	1	51	33	40	57	5	15	61	63	66	68	70	71	72	73	77	78	79	81	82	84	85	87	91	92	99	100
61 : 	15	20	36	50	59	32	37	30	47	38	14	11	24	39	49	60	55	17	4	35	28	22	46	70	71	76	77	78	79	82	83	85	87	88	91	96	99	100
62 : 	10	50	52	56	57	38	43	14	45	4	27	48	23	55	18	66	71	73	74	77	78	81	82	83	84	86	87	92	95	99	100
63 : 	25	57	14	4	27	26	36	55	58	41	16	49	2	29	50	17	56	18	34	53	23	7	15	5	31	22	60	65	66	71	73	75	81	82	83	85	87	88	90	91	93	95	99	100
64 : 	59	36	48	7	10	27	38	51	53	16	47	66	70	71	73	74	77	78	79	81	82	83	84	85	88	89	90	91	92	93	95	99	100
65 : 	31	56	37	42	41	63	29	27	46	8	18	22	36	2	48	26	33	71	74	75	77	78	81	82	83	85	86	87	91	92	93	94	99	100
66 : 	17	50	30	28	27	14	18	36	12	38	64	20	25	56	22	40	49	33	34	62	35	43	9	21	46	7	4	15	42	60	37	63	52	73	74	77	78	79	81	83	84	86	87	92	93	97	99	100
67 : 	5	70	71	73	74	77	78	79	82	83	85	86	87	88	92	93	94	95	96	99	100
68 : 	60	34	5	71	73	75	77	78	79	82	86	87	88	90	91	92	93	96	97	99	100
69 : 	5	29	10	30	28	12	71	73	74	75	77	78	79	81	82	84	86	87	89	91	92	93	96	99	100
70 : 	45	58	61	26	53	60	37	56	1	2	21	50	12	17	47	49	48	44	34	55	35	24	67	33	4	40	9	64	36	71	73	74	77	78	79	81	82	83	85	87	89	91	92	99
71 : 	53	23	7	51	10	55	17	25	3	52	46	20	27	41	57	29	50	6	42	12	48	43	5	8	60	21	38	64	58	47	26	56	61	14	33	13	63	62	4	70	28	16	65	11	68	15	44	49	34	69	31	35	18	67	45	59	37	19	9	32	22	40	54	73	74	77	79	81	82	83	84	85	87	88	91	92	95	96	99	100
72 : 	53	29	18	39	23	51	35	60	20	11	17	4	73	74	76	77	78	80	82	83	85	87	88	91	92	95	96	100
73 : 	13	27	39	53	63	56	26	58	7	51	67	68	18	12	41	62	20	54	14	59	44	48	52	70	28	38	21	49	3	60	2	11	32	8	19	22	64	71	6	4	47	46	72	69	66	29	5	74	75	77	78	81	82	85	86	87	89	90	91	92	94	95	96	99	100
74 : 	24	70	36	11	42	12	25	58	35	10	37	23	2	48	43	3	1	28	73	72	39	71	31	14	57	62	6	13	40	50	33	16	41	64	66	17	54	69	4	47	7	8	65	67	18	56	49	9	30	75	78	79	82	83	86	87	88	91	92	94	99	100
75 : 	52	10	39	34	4	25	40	69	31	27	26	22	56	73	2	68	16	28	49	53	65	74	30	58	42	43	1	54	11	45	32	19	8	38	63	36	48	14	13	76	77	78	82	83	87	91	92	93	95	99
76 : 	72	42	34	35	3	36	75	23	46	22	61	9	14	77	78	79	81	82	83	84	85	87	91	92	95	98	99	100
77 : 	49	68	64	11	43	40	8	30	18	9	16	15	44	38	34	57	55	53	7	50	29	20	76	37	22	58	61	12	72	69	39	3	23	2	28	31	26	21	36	46	33	51	6	73	10	67	5	75	41	1	35	24	17	62	45	66	4	60	70	59	52	65	71	25	19	79	80	81	82	83	84	85	87	88	91	92	93	95	96	99
78 : 	56	53	16	47	9	5	7	59	49	14	51	17	76	23	39	22	60	21	24	10	8	74	52	29	2	48	4	40	32	19	58	12	25	27	62	64	13	1	65	69	54	11	38	73	28	34	61	75	26	57	50	36	45	66	15	6	72	68	18	67	37	35	70	79	80	81	82	83	84	86	87	89	91	92	96	99	100
79 : 	41	30	77	32	71	49	17	6	46	58	26	29	61	47	23	33	27	68	37	42	11	74	64	78	40	34	76	70	67	55	69	52	38	60	48	2	4	66	56	7	28	51	44	15	50	3	59	54	45	81	82	83	84	85	87	90	91	92	93	96	99	100
80 : 	72	50	34	16	53	20	78	43	6	77	59	82	85	86	87	88	91	92	93	94	99	100
81 : 	29	21	12	76	53	38	20	77	56	31	79	22	71	18	10	37	51	36	34	58	17	13	66	65	70	78	64	2	41	4	33	23	43	73	30	44	14	62	60	69	16	5	45	15	19	26	63	59	8	24	50	82	83	85	86	87	90	91	92	99	100
82 : 	70	37	77	57	6	12	15	49	51	75	24	50	46	63	11	34	67	1	5	79	74	69	56	33	73	17	21	13	61	65	47	39	78	32	58	68	16	62	23	31	72	60	20	41	52	2	76	54	71	30	14	64	55	8	45	3	48	81	10	80	59	25	22	40	28	38	83	85	87	91	93	94	95	99	100
83 : 	46	22	44	4	54	45	71	66	32	39	64	21	6	13	37	38	61	47	72	74	8	2	81	65	52	41	76	70	77	29	78	56	75	63	11	30	50	9	42	62	1	57	43	67	31	10	28	82	14	15	79	27	18	25	84	85	87	91	93	94	100
84 : 	14	58	10	49	7	77	62	33	60	6	76	24	79	27	59	45	83	4	50	66	69	71	28	32	29	30	56	39	13	35	64	78	23	57	48	8	11	86	87	88	89	91	92	93	94	99	100
85 : 	31	50	61	26	46	77	22	29	80	2	48	82	32	56	34	40	67	24	83	19	3	1	41	65	20	38	43	4	72	70	63	51	73	33	58	18	9	37	79	28	71	35	76	5	60	47	8	42	30	10	64	81	44	36	7	57	52	86	87	91	92	93	95	99	100
86 : 	56	16	85	41	67	1	68	48	12	6	84	28	42	81	39	62	49	52	32	78	36	14	65	74	2	80	45	73	47	69	3	21	58	31	20	44	27	10	38	66	24	87	88	89	90	92	94
87 : 	78	57	82	23	28	76	8	80	75	50	81	47	4	1	46	37	63	9	10	55	12	71	77	54	6	15	60	30	72	36	26	39	38	13	53	61	59	65	25	27	40	41	21	58	69	56	52	62	17	18	2	44	49	51	66	67	33	73	84	35	48	32	16	79	85	20	11	83	43	68	42	22	14	34	86	24	74	3	19	31	5	29	70	91	92	95	99	100
88 : 	39	35	3	40	27	77	34	59	56	23	20	32	22	30	7	16	46	45	36	63	84	80	41	67	26	47	74	6	25	15	19	44	64	72	68	53	71	33	37	61	86	31	54	2	93	97	99	100
89 : 	41	52	86	27	31	28	64	13	32	84	78	14	70	18	39	21	73	50	69	7	11	5	59	10	40	90	91	93
90 : 	36	24	89	44	40	37	68	23	55	31	22	20	56	86	63	43	79	59	57	11	64	73	14	81	91	92	96	99
91 : 	71	19	4	61	27	76	44	75	21	38	90	48	17	84	87	33	65	74	59	82	35	89	41	85	20	60	72	6	15	36	32	80	46	29	78	3	54	26	18	51	83	43	23	10	70	28	24	22	14	68	34	31	77	81	25	45	73	49	63	12	69	13	39	16	57	30	9	53	79	11	1	37	64	2	92	94	96	99	100
92 : 	91	7	4	64	1	71	37	35	66	36	14	19	32	85	26	23	73	69	33	25	56	68	78	81	76	79	31	45	40	67	58	52	51	11	57	62	17	87	39	53	65	75	8	10	28	9	15	13	43	84	38	80	86	90	24	27	44	77	60	55	6	59	42	72	2	5	54	74	70	18	93	94	96	99
93 : 	89	19	29	52	18	75	77	12	21	6	49	35	26	43	63	10	69	36	82	2	51	65	34	68	83	40	28	47	92	84	85	1	25	39	20	79	56	59	66	64	67	80	58	31	44	8	42	37	22	50	46	88	48	96	99	100
94 : 	56	83	23	84	22	86	80	73	92	30	65	67	20	12	42	14	44	82	91	74	28	50	57	51
95 : 	77	76	24	29	27	51	39	6	32	67	54	53	62	82	87	46	18	13	42	33	71	72	19	21	75	36	40	28	85	73	63	38	64	99	100
96 : 	48	93	27	68	29	10	72	58	67	26	90	4	77	39	61	24	34	54	19	79	51	14	78	71	69	3	42	25	91	11	5	92	28	30	40	47	52	41	73	46	49	33	99
97 : 	66	68	41	1	13	88	30	99	100
98 : 	76	99
99 : 	80	62	65	32	13	75	68	46	97	15	78	22	58	51	44	53	23	66	96	10	36	42	21	43	69	40	17	20	84	4	61	93	30	1	31	6	87	60	47	77	52	82	63	9	95	27	39	3	5	35	8	7	76	38	19	81	57	56	90	92	91	33	16	55	24	79	54	2	49	88	28	29	12	45	71	34	48	59	41	18	73	70	85	74	64	67	26	98	100
100 : 	4	16	83	61	78	66	81	34	63	68	39	55	88	82	91	97	12	93	9	52	5	53	24	46	79	40	64	54	56	87	73	99	20	74	35	65	15	33	21	25	80	76	72	18	51	38	48	26	71	1	69	95	67	11	37	6	62	59	13	84	28	10	27	30	2	44	36	60	45	85
