50
1 : 	2	4	5	6	7	8	14	18	20	21	23	26	30	35	37	38	40	41	42	44	46
2 : 	1	3	4	6	9	10	13	15	17	20	21	22	23	26	29	30	33	34	37	38	40	41	44	46	47	48
3 : 	2	4	6	9	10	13	19	21	22	23	26	27	30	32	33	34	37	38	39	41	42	44	49
4 : 	1	3	2	5	6	7	8	9	10	12	14	15	16	17	18	19	20	21	22	23	26	28	30	34	37	38	41	42	44	48
5 : 	1	4	6	9	10	11	12	13	16	17	18	19	21	22	26	27	33	34	36	38	40	41	42	46	48
6 : 	4	2	5	1	3	7	8	9	13	15	16	18	21	22	23	26	27	28	29	30	35	36	37	38	39	41	42	43	44	46
7 : 	1	4	6	13	14	17	18	19	21	22	23	24	26	27	28	29	30	33	37	38	40	41	42	43	44	45	46	49
8 : 	6	4	1	9	12	13	14	15	17	21	22	23	26	29	30	33	34	37	38	40	41	46
9 : 	6	2	3	4	8	5	10	11	13	14	16	18	19	21	26	30	34	35	36	37	38	40	41	44	45	46	50
10 : 	4	2	3	9	5	14	15	18	19	21	23	24	25	30	33	34	35	37	38	41	42	44	46	47	48
11 : 	5	9	13	14	15	18	19	21	22	23	26	30	31	33	34	36	37	38	41	42	44	46	47	49
12 : 	4	8	5	13	15	18	19	21	23	26	27	28	30	33	37	38	41	42	44	45	50
13 : 	6	8	3	5	11	2	12	9	7	14	16	18	19	21	22	23	25	26	27	29	30	33	34	35	37	39	41	42	44	45	46	49
14 : 	10	9	1	13	7	11	4	8	17	18	19	20	23	24	26	28	31	33	34	36	37	38	40	41	42	46	47	48	50
15 : 	10	2	4	11	6	12	8	16	17	19	21	22	23	26	28	29	30	33	35	37	41	42	44	46	47	49
16 : 	5	6	15	9	13	4	17	19	20	21	26	27	30	33	34	36	37	38	40	41	42	43
17 : 	7	4	2	14	8	5	15	16	19	20	21	22	23	26	27	29	35	36	37	38	40	41	46	47	48	49
18 : 	14	9	11	1	12	6	4	10	5	7	13	19	21	22	23	26	27	30	33	35	36	37	38	39	40	41	44	45	49
19 : 	14	10	13	7	5	17	11	16	3	4	9	12	18	15	20	21	23	27	28	37	38	41	44	46	47	49
20 : 	14	1	17	4	16	19	2	21	23	25	26	27	30	33	34	35	37	38	41	44	46	48
21 : 	2	19	11	17	1	20	7	8	6	16	3	15	9	18	5	13	4	10	12	23	26	27	35	37	38	39	41	42	44	45
22 : 	3	6	18	11	2	7	15	8	5	13	4	17	23	26	27	30	33	34	37	38	39	40	41	49	50
23 : 	13	8	19	4	12	3	6	10	11	21	14	18	15	7	1	2	17	20	22	27	33	37	39	41	46
24 : 	10	7	14	26	30	33	35	37	38	40	41	42	45	46
25 : 	20	10	13	30	35	36	39	41	44	45	50
26 : 	6	17	24	1	8	5	4	18	15	12	2	14	22	16	9	13	20	3	7	21	11	27	33	34	35	37	38	40	41	43	44	46	49
27 : 	23	6	12	21	17	19	22	3	5	26	20	18	7	13	16	30	33	34	37	38	40	41	42	44	45	47
28 : 	4	7	6	15	12	14	19	30	33	34	35	36	37	38	41	42	43	46	49
29 : 	13	8	7	2	15	6	17	34	36	38	41	42	46
30 : 	27	6	16	24	1	20	13	12	2	3	28	11	9	25	7	18	15	4	8	10	22	33	34	37	38	39	41	48	49	50
31 : 	11	14	34	35	37	38	40	41	42	43	46	49
32 : 	3	33	36	37	38	41	43	44
33 : 	27	15	11	3	13	14	28	32	26	16	10	5	12	7	20	8	30	23	18	2	24	22	34	35	37	38	41	46	49
34 : 	4	31	22	2	9	8	10	3	27	13	28	29	20	11	5	26	14	33	30	16	37	38	40	41	42	44	47
35 : 	18	33	28	20	17	26	13	31	1	9	15	21	25	24	6	10	38	40	41	42	44	47	48
36 : 	16	29	17	14	32	9	5	25	6	18	28	11	37	38	40	41	44	46	47	48
37 : 	10	26	34	31	13	12	4	6	2	3	22	21	8	19	11	15	17	24	1	18	32	30	23	16	14	33	20	36	28	27	9	7	38	39	41
38 : 	10	7	37	16	27	34	5	14	6	4	36	8	29	31	11	19	35	18	12	21	22	24	20	32	33	26	30	17	3	9	1	2	28	41	42	44
39 : 	23	21	37	3	13	30	25	18	6	22	40	41	42	44	47
40 : 	39	5	14	24	26	22	1	27	8	35	9	36	7	34	17	18	31	16	2	41	44	46	47
41 : 	4	37	2	5	27	23	18	12	20	3	28	24	15	7	32	19	13	33	6	1	31	10	35	39	26	25	22	17	14	36	9	21	29	16	11	30	38	34	40	8	42	44	45	46	48	49
42 : 	3	41	16	10	35	13	11	7	31	39	14	21	34	15	5	12	28	4	1	6	24	29	38	27	44	45	46
43 : 	28	7	16	31	26	6	32	44	48
44 : 	25	19	38	32	40	43	12	27	41	35	7	18	2	9	42	39	15	11	21	20	34	1	13	3	4	36	6	10	26
45 : 	24	13	27	25	42	7	21	9	12	41	18	46	48
46 : 	36	33	13	31	23	7	40	2	24	1	6	19	8	14	5	41	28	26	10	20	42	29	17	15	45	9	11	48	50
47 : 	11	36	2	19	15	17	10	14	40	35	39	27	34
48 : 	46	14	35	43	41	4	17	20	10	36	30	2	45	5
49 : 	22	41	17	7	31	28	3	30	18	19	26	11	13	33	15
50 : 	12	9	22	30	25	14	46
